8357777158805148982606865407979
-5211851263818507639234180314085935413726675640
94087385876698621741316884762547406476147268419631863897091536679811610484
1332792561710984414679290841234255675243568164907799638677381997626328934
-117253866633045747716558002465296204227162699410394268500812624252415762884120035644003
15509085497783837687798295080846002150649452081
-1646681337099993448271432562110764551149569691
-357827145508175049585475357868256580015531420574939063347158879984024150605761781908788
-62121934389569502149185736048234001195036310147830730
930406074754055889974769667766952188759598062103185090331722615084316406876026589345019205
9986971977531866520126205324048857939267276082653318782963450869998481819
13745816656610034891418948179875591
7557468984224183783078583593552204886742167056840330337433901226200690258970014
620157464534743016410255399723551086882262
10299106972031140496073260725
6133789693596714627452333876244954162847082733489762939788426986186871950568204
-5959853930954611190651581770666125351433103836486236046354090631779961642862358
-2363988541226073297430895862088326762662095053
87909999043074118825835030036772420961239000273558797735995809308238274784854580
2143900936227941394119227473556896240404706269085047947624760109206753501913
150379672943876717067268459943259933658842
-2870064217388483913248898628845779202588699385929432639717605794560464688289463964
-8209429209653987533097866360
-332593801017869840365194187002649789515242226658075437509029959861745660579
4929564018273598338052649012079958195597144145
400728573485064509178331387020738189824751644605137243168135214934452400913793491222095
120133465322877275406915045825347060284913594221370524245412544
-396784791597247313864626550431438915676545838393986615909319021814113271746739
9529993292552527690112917482370367
-147657579449050495867536078649956236090905306407117163268728197341246971875659025
-1949472622604287791177286719178345165811424378538655233256557698068400
-232801195537215386923965583686846032340340974846720711590562454213216539095325147372
5034561877802402566447686915185931100641716157444631365888710764139223012
590169928109188807291734978312626524312158253288428970825183673592653553731142747958016
-104174350743010259621386194085905876120796474428251242102
-7266196718111476557303369258569804725413767904870
-34563055873130174447072146613123
10501723166429928881900136027994561871075794119919074328153311084967609673393885
-4800445230152178969298355731896263108614978085508661284834226772085821558915819441
-181116875933073868091705786246517268143482974406427365531773909622592347
-427759315669341291418049183669612372240875682674244219240609592939856217470475105237011
-255540369840654409748833857651558156772250162
-108846571717574367105916152306654208969907431962353866382776608594463594905360995
-5179241201699891226648006085473631584900354283919963785604178249932902
-38568803576805446820570287040418525866115507395074254573592885546783165514861057431724880
-306941898465321660131060487538372324697
74848011945813145125040062184164957675687198016139924594227510434596142981633146701966743
567655612515986900038724432950338143563033440390627210149484
-12223298368872374748559941042766841704736634579656471874726082192195
-242007932
-972856938112428049917342
-10467259424183743877763897031058777969064937056209379825973543326235480011603360230256675
561790400275724822304651250074357301191628852100276764036602
-34249249334486543640411335613244581163649316388981418154614455453719
31915092247329
10215591414569825865879626992023736129311660391930469321130728107622
-15624051335392501478395821947774066756106952048
3795551037783633888356341023075218671736892670
-22263388654440028222714217090127564984394239980480334816411858651842160982281457844787
-43861113140611314185196054660689217839836501077015545847316381297706454544647780569
-959124275507920265983667288232788161515374491712795321114179446123814785229622
-164955520387564740172418026517250438566365965082356
-98897438142725893609513205271863981985078604090961054808891321916543074497957
-73934957335890891192639978059175
7165365612327545230238842523069001711564717426190910890400150753225731607
-115510991772125297954532053238514270611216073248586369236432913267943977191772165034
7052210213454059
-505144435346726703830978609178083339482887390798099839941
-1584716527761899926089467484610059910704545934305343642870645728843
183838519658072012980547156582112378475835906606162510215201
-341581850864508431933252238350785323890222
-288252417290968553953580116752153379
68316418317487511838556885285059319533500815898802286069645659705581529548391193790488
-54825681317386644573956961404343707580957935738481761556673785114852483562
1714058201996688421974337853870737215426174891170763112267076928829923158282797488
20677398525827
3828911935868222309096703179221270717575885482592085692083870
-61582922360374851623929156250815738850167405766781503479150489755844005756515052825326975
-4838425783142943524664895725697698987427227939957664
-512598892364805830039447271170861446052835
-113134668178310494920201690802510585416129839742588775392456592751205854
224527298291475933799482257510532043942490634212252192064328645
-34933819408203985898666646263985071765659655731611292144498680006731123616387
1186636605873699258109721130190870290820565115268085922292791421770475405996986388603077
-11428735185783183750401110676974601460
-6156621126005042922412875514396775192979754385686167362690124312509688683388702565159983
128172272083210802795237082441671022384593221889227432122725137479366851823
-102984478918758751666639351944943311804131601844380165
49846717482409979128262770523
-58391031088015052249883281
283683740604411856617927370503631030817028577596572462464630473863886
-19790576362175516869650906995914906454740171
11141308160046012933806958283530041908136048757977099802
-15666703786942196048130728696386735715730498202644
32996437926749687397408297608883362046823402283834947431
-8942494823789403217420989571277188828138250816912245272298889875684
17997956160593722862317958830540866599648752899598259402392448493377828694476662853316630
-204169857022806131621616369717987626491450945512048542128371913170495713
1488730924735752
14158284792448278375746279583462277819899302315827686259
-49499504186443666381781620556050307669225516770067001056113188233051915239689977014
-166327613325267978025276302189337064824773
24258175116573113891629217052016812971535632046441080683868889895678799719367
-239264359319924582334115321968826588280027126181140120591417853555373240
4571216380232300435814257002802909439805859290678
20183978801274096103704102022826233056709523581139052433571937531
-3449525700422239202626685
-12617539923023704194473928007561979422640088265688007714122795085685096509718200303835
-144548372003911911097403745398727133796668737608019
18992500
-5126796606862500800658626804154533528138937530504472694545432355017
-9721020668876977118711497573219745126264379544212040077471219901245
10688264097712580394539970572944391557917317141
-23275452571764256828461460080
52568577668637817421504249715775363885616763991
111159987376401308768930055397
-6403048480551058608910228100715635456296675528370082010501905979
6783125149910090246261453688746664667732294381785665513073159799403338914
588608071740041071112989796698324789646899925543017908262157723041294088301326584012452461
-118284495265443355359260183444183609797045831783806858663375628442555302252245
-161908802278865748793248833083438585251253604355730
563898274272651018626999568004209477906840723662522271464695029333867012757
-103118414828436905283863035716871609879128243309552349513194
254403054636106571893529576647249971696626718155478436811462785883
-171837262078202744799756583946680320093269981130781566235483402016710
46512609942391198034155405465311430138747885516773644290876027128
287311824017214300788144442116634178219834563762766956248336510062557582109897
-4623396883346534450111756
-13530
6096349058044979709006104453103514240250231704524955661929746094077324601505265180
1371879734526542206208245533321
210507774907925009476869883774063987819282925257405352038671289323494
1146052557985929023689855864148553351571752927916005184
164992611714382357508434019099077810247757497879838236275744351851
3612973094393755559310550607789323098657196482577778006650244022669098058188
-216905810311910917380525730797385504
-100069148940318028827736761269792153240429366618929935972332987004898898776619627547740052
2607824965435443553721258341199539119144357913083686141169222731
-26489637060065452508681112091872731794719862216910585975623349546021220356465098685
-444322468715825843585753127978733828184
241839275198759180618226392707325212935098388809155671080224
-75105144572772214556245099829479846205753235794325130390600430150363916796555885056444761
34909147983538423331703543510490844060345992865384895716350311566898604276683390552146953
-14054449972836671521091195025860856058643568864676153570602336348408361750258140873701
-285871298467343403126074341152089938810711480024622591580834632430803694894108445451
-669083683926165872307021136733524071993257369290265961435302282174556638233
-110971426844253346845458496237271944438523591092274042172
116723890930865294665575341469074790757620126065657091574732315456447849755662011137943114
276289347237896336344833629693159250486692693363396802743
-3232500988363636808707580073646333394674684015502756100773838164421259
-169318805101557498095320182022559968002940555135966461912724655566
-111274301818923522645220040646643987565924540744085329831635797990851306918033871983875
6215393789457803650736407880213687251438206807604778505487285192694247957588
101075687837559676867894181346713277905026718972421667660452621810253642517698945
347046386428336162989922177368732196922767689380677293623618901086118232738172332
37998917080990680411396385805
20327323236894253058786896122525930024871186322839289595796721558
204994947372207273848535776503972108606908144875963871596446669
56518696090259498126959075546933334401733315357531847454
14473841496885747455961671236587018474271691016004105385832
6186811936018660464573284733350131148553745775814207311
3764190055924218998118
46738540442542387323959238661045430005937895787482623935180672601498730851125097347016791
-1755749706910751403689720569203615302418044233891372368305535298575242841
-254667799650824378096707819751308991948
-2674452176970513122531574864720580760461781754
16931934223788303240273645863315489250441311375066700483015865464256926094265481826365236
1118819910011122041184691611306410159047459077
6479812016823258961596858422368457238999348868717314273207067158134210031513
-7971888538116841778278562699857
5598316098953386413380479961235237672552939502610248105110857359898980143591
-1480115891922379016338136837027526262384448449666795673714290370254
21283964191662493218244154348331609408345808198286954241226383701987900973665121310114430
14504658283612601599114946112884930662806795961412724381294810655464864909671683430
2872565269276811647524213986542888017052347173853918468539048679530415966342271648626707
3166302252581294871026079868987646816100515211914890173661707238761992
-97478793843655353274809293200812053
-12025125120073301868260223846905
-7084008757132264616897550112731744836538114563294872939500271351326030307236112
2525107324497761786345960347639507117
-47071872339019857214184410753837412132688389532441587
-29700090448279454300035935181171008274639096237611958851275008376
-943422113558095533006411391475336316515479467
153739117716760684434
-1497049519354602032785054426397697992209306556579643
-304398110462814970464299741002936449627170791243886240606
-1263514805544952459596388168249649136068695981555800514919
-13262400822251882895509623580350407401765559023013927671400757935735125376744617
-35143456968534350869922551273260456452010532432983
-249674698403216971622982711476759394994466511724055256
231826086522302437474465776324
20309848635014484828362011518813484324677866508450848970457102051556994186575626881
5508773358321094506088650826318662999207591168361603
-741115951777351377334165552503082549454102670596705228469768147073752643900
-125590213692213061512789317451764291596265668238019081581537449161405053731487139701814485
-679411166105649310919295872321290239938911396507820937184835262723825648605232
186670909027518969796647455805973725781349265552386420014577101845273880
-59833791896916271744289002546225312036641357108494610791111217993215091869102237478892905
-72637080953706765468957942749680338190811892155381544171223103649847280420381157326489975
1350549706674985912251418208138261577346683697384156744579836327904878656
5864848065281472319865965610063747810921448049732159836715172528775740858
6525308578858383402407968918532787386625554075551519922585806832315
-11832582679157786129062298729783179512788908343815221890312638394489660843032
218656351708470804243317758949524839508745355216197132174293240856253292539721
-1152662688137434481441924892900919839786896142578572084114157906926935003883
1929077250579003375783492716001837539692539493043527691
346210647622922319472318431453465503103903397771086998124908725226387909602657797
3693141246713406182754982971517394862929050185116071139669335912
319126932534082470883510880859771
-1550359367888534969032456070088903393426421659553491344577658323642718109550528991788
-29033158799172177647592718180061187433498184897928956673305246280143735945644901997
-8355789814958859308703748326805018971623449445126677008
9364106385762538478903129924
-1236716627871070303734356554149032441478923468670253186161095
-130730439836919817838353
-2236068673505417894981333675905782731
1919665688678815721130958
-5542107264272264062272589328288345638635224430885648780015585533337124602424313578312
-188196412361934198325851709925772465368261872799789533749033125351640019168674462393037045
-455190155918010497265930702
-5381320305110650344062112584487174708660532129392803685217942249017514
7788732413923077632521249301282766146010763840340836077302
-1650738242342551913561924048510316065579055235246216055763991849641049
12441919451
-246078831742407872382818638738867037439480660865844374771014843734176
201717897118467356430641013442833235933491
-11227532951969717359683974869785010140940894050829892665658533041382817738284914154
-269438311836842968434761197794289938346232182737878471257721921907157226405886298196
-494186097424271091808837366380532603568485691656527943581404951184090052358579301629065025
-19180869463073984795008853251498413315233577334324658210
588590126687994588856570589249841809104748608707432607418841505641
-475217069233387834972457432822625971429585642535872548759793260192158731270888
-345461943444386461364239402415355108440039074374023664650668988925603238512409583134
1167234494766431839515891
757988618915809062171080643253002900512643880822350713427319035118212960236930324279
527192461313829938
300058020593694526150501994331614581602708612651007744588001771086
2267049310245957367764478254760044310380
3606169575315286692931580926855493477102506776953051612968211577477462984786
9725711088245039238832293651034069327130823477404758745812627830
413932619705437839734114842056181985319540918281643667837775030157852
-289344801676840670518815374729522870910185992663896464098649422154786740051771856071533
22652717028403143401944247943875929301999384412109068183
-828618260638975056529294570578248967813002621341671
-19462002008675399904102777356572340308986578638829289075719910946594293319860386781
-7007596632564305149226384300587198635356331864620101904612096735964604290
-45416884982582396933370874430515361511421290
1411791078821075230999289
48562016303688950958537116683830399663833879037565724261
-3223832672754513134586741920849285261033040492415201778378680209682699837230379422833
-12860649874984123304928231849286006939559183175732455296630932824898879078694793999065418
-65260568289319498856758295914737404333802611398455708533311918340639329910
951651278064963799713189171859529816220802414057530511
38146329987518359267375262629535278439407144207868749
-307563825440466887596764642032815948050996836207798717424172133964158356390499
-971758054882150653351129754
-528375982222719219693921489172768269922619657026279986
-447366023753965501323043417934414959831020066681803528707490284905115348
-180985487817963627349324472174269012462451279477056669369787238630
180896815698600954940
-596750711403009923009641592577155336475412856100358451
191706994329354335969753162396307153881295573147233088909770146924998252051526066
-396952730027848008488389473492175265848142703919726241288239851183614202
142774424206571272341011635462634726670574251466166896842145439424016803
1646903930581056535645430870605447167482652449525584067264774697454209718188
29182470315819492605940
-14204810529847315139402664285868645558936785715517664196801134
49020602200708895535093997598472390647747323903401470348595387624520
-190521138735039560351197622034645921258999289725502286830374926
17528062211191647182614442543690148158475445
-17017731494655906649939081426750841814868808244469214048349815060583092453153390254050
6411103520745584346828657727531355118006107632664445006538581130114483
-595687575890356227741140814744275022828706661125909742395526950
-606878841228540375036689415873612179444210135604881800463355439226256583799680151946753
237282198038936799618838842145
39658050179999000144632046692808385531798241745217247935249377918
1085169575443750927644038678209
-445236549601063339589245811228101344417591965134790113945070758067832
1993963494904387292806362891145052190587614420063413396119466
-29563510202464035297077962095693699695019649473257748867549465486781153826553744081
-180716019628342631218523986254612204373977126274677468757362377395969120
136114986406104880020691586486711824381231523607482460249
1170960060296445781871348748237841194207663868624191
-10085697008053787536998493136931641900237791701866632126636883679413
-1839035248390643320002649709112538510466276193817612382259625465759710713
1850670325554055590851488521272802664874
-1106816495331108754757529504051768592541725554288218674297198
2477328321538333349262940411382544041952787779283191875270355
20806193297979499978994675882467075211204689
-10716403349683712889169620555731171463370988976257038403342809074590388298734
4738140758257683180980983678503035650625841987932392555857032086
-558262568287111706684016538888114448676312329901
-1160440632207915251506244175657799079332500947758139118808316697
-233237231561134806012514027
-117803336620281288298131950842240339073883576098675287558
144008134837295752017212715448981637797288295566303142376954921136781766314707737
8908984951229923871130511198033
1132918616490703488841479106846243187990113354107
-104671813070384458329672560792283249554
-15305018524818618706304759958208619656844156745
