100
54113522153525533554534515425135452313514425325231223135513112553323535312515122
14331542212534151253245221211141115125411555351135341432515533331452434433524544
51255131222154455333323542351232411324555251255153321234355132223511315421251115
55152314451243312531521342345351453545134114551143344435553143254445314321215243
51354341441332232224324125313314451441134423551414251524152124423132251232551233
51323415545421541422444355251135224151524555515554452442333332413415431225335341
12222154333242342531234522234341124324113453221313552443533351554343153552335523
32245541215334311134233315515234514154141513551515344325212341331252555313552222
41323432141514412153515332453531155532313423221525245415544411233122452153112123
25133322251232454232125215422553525252133145441451532142234325533252354524222454
41154145523432155242344132215341412225333515422355233232323441444122554315443524
15111123443422354135214325314452522525421212353355242314231245332155132142433152
24251252213253413333145123445321113322152414321543513444424343123311421323144155
44215523125212554535152424214254515133331544353455324111443454321423321331153132
22512232121255353235554425342323125534155324211423534415514135353543322315331332
25253222252111145113242341244122534255531343443543434222335153451232334552352523
55232344251124243225415544233322431554535552122354231341123114451512531541344133
42214222444452523315511313445131241312113412213553441431312244223545115545112121
52452431442441132122214234441253352134144325542154431213352533212415423511425544
32311335414231451114433453243542412112514322523535414323132555153553313152453342
24352434343435321213414424312133523322315554121211441444312141532225345454553515
22552451431231114424222121312351122353351423141432415342514234412231425453424131
21323153131131142512111351431352435351211433454244441433145112411145122111145115
44124344151234254255432412454123121441422455334355255155451312215224452541133252
34344454431444142245252254422312355145222252122242451532511253332455511352524352
53324514212331544214411352135111554414444213232542524123422344543445243324533341
14421544434433211225222353521141422143442424211423514135153153351251154243223351
22122132554442545455553324111142213515451454215144213452312332213123355511122552
51242254443151142221432432211332411222552424522345322425355334235243535211253323
31142454323554212544435231325542213342125112452315154214435341531222553555134422
12143321241345513124515412411541444333151121231135455452535253254323524222234434
34352233242343242313554315321253544354332455315511222342413434242224541423545555
54131514213141512314132451455411223434214424434351124225254452435412232235544113
13114212215321114142533324314352512522353331532355422311133522334421112534543315
51115131552144324141115112411255423445132255243544111231543122255453152231344214
23221453425211452352315224152344525254413323154255321454225343151321123554451535
42315243442435442214334234353242332221121353231311345325224435512445151121355141
31134225323115153443525122534552151142515411535445331214124423545543353331555135
51332514143444231523442413333223212152433331255211121552244552443514113541525455
45151233232242231423443414555125141113542321433111422352324222245222211342542552
25532521153411322445113124533425334125141533522425342255143541135532152421312445
54415312354124315243313415254213541231552323445324221423432425333341542334214213
22423543531325515431454155433454252423115353345243224553255132241352554153522535
24451522432343323232445314423144145131231154522215143535534352352311543514115242
34223423152534243445231511525344451312513335445123252312525123555225542211111224
15422154344443334443421533534344545141415543232322223312532125413141144232425213
32431243123411253234515521134124431541213445152414434342542413215455435311542145
12241551531212225425135431223513321332345552133211421555511221144111411552135115
31335231454214541325524112552114344521532142413531144144213331454242444513243452
42243234252422453421425441331411125342323112211444431411154441113553321331443132
23143344344354541435534212135543211244533554312341333123541151332342334525525343
33211532354211545322324113221343225223544331324212133415121311333211411333331414
21351342251223145215224114324425141225551514543453331432235511434542151324112543
53551434123324115125154231213232123451214251553431535514544421522524211525232414
22331322151232513444411232443141213451251235145521421133433331311345311545411414
41141541314543315133332451454434454152225533223255125251412441251352115524411425
54312311541353422432142522525335115253441532423522125432125245315551231423124312
54112344541553142515414351413524322155513552222134524541541532524135145531413235
15314114513454355245551454121423343121133532453311452452513241432355512324151141
14335214435415122134343443143421315245234114242314334533333221411542451553511251
23512351245553525355254334532213423212531422345235254241541153154332224422222155
53415431234324413224524455521432432312534321113421434315221433115453545123343241
23422113322514234151411235131134335415433241525521523242114114413513512222433334
32354321324552232523541255132332221244211535444231454135534214545554431153534113
11211451244423214314524411341341353412142445323143554545535513255135355153124354
51315352141145535544135122424355345521122345454112421542325354344435253331413213
52153411153252533554423351124113422224245151325534331215413233121455233335323212
15431141332154432545232441115322534234331132531124332435253131243253525534343414
23354255225143424315221153421425214523131252435415341342245523453211211425553455
52321353142432455133232523244153342511435224324543255321332133522144222345133121
34343422152524434242351314334134124155224421255235121121443513524341552355514253
15525141145114413212232141434555413511514141124414243312141452533255513521344121
41443523522551425541112414214125153314332141125243443123435551453355322425444332
21241332231254321223353123523454413555334314142355255453314545435141213154154243
22232454154542454422144544121424551132141451235231431242345521331555155314323442
44415224223342211313355312155125421114422221331111353345414125554224115241234531
21245255245352533135134132431153313223213334144451525355532554434413323222523524
32221115352332235254145235551253515225414233311532333315451435242313444553244253
45514522142455412411415553135555415223531232312522254324523415325452151333455311
12354434254242512545142533422252343445452232532245145452151212112315541355454332
23221154122334312323125323455144552233255424255541223341322242232311135211542413
24442214542514443445151323443414414541535445425153334555235232522435434512145512
43425543534254334334531221211221223343535411414433245251514242224144341343523555
23342411142213314441415235331423123253234541531311541225312341252433422215253445
41114221315312242235353311554554521553243225553312531234543334255245115321433155
54523252531434333443453211454545131511325314451131511243522542412152324211345345
14232153432212223145444541555142114235214335211441524334551251353235141525455135
44444133254152555345111421322215345122333415254144222353354132252225555355431235
21133213313342213424513151334221243525451324451355215412554312555313242415552221
13214443442152511534325134545351333113511342154153241114452553225443355325135154
41441541131552323315255455343241341552134143424144131212152332525322444242145521
52325532442151325133431442213312134541242341534533435514331521155143421511231143
32333335234152542535434453153152321243232231321513142552223132425531443312353145
35121254321214353154141355345145211422213433355221535251225355432123233522412345
14222425233143454245441255414331342441415334535344552531124211231435432351324314
35542312113112545235514112411553143213134551144233143241331545211153551515141153
43131155514322122551121313113353223234121123221535231454131151532441313311244351
41525152324441114133123324323222335444515124121133455353345113451334341442411425
45454541451131535232233321322112511531111313422551215451134234352544114141522311
34324355231144555135132433215534551122534212253225154553243455242213553443254213
