100
499.200000
506.400000
511.200000
495.600000
506.000000
514.800000
487.200000
514.000000
513.200000
509.200000
504.800000
510.400000
504.400000
510.000000
507.200000
496.400000
494.400000
501.200000
501.600000
507.600000
515.200000
490.800000
504.000000
498.000000
508.000000
508.800000
491.200000
507.200000
516.000000
497.600000
493.600000
490.800000
504.800000
500.000000
502.800000
495.200000
506.400000
516.000000
507.200000
506.800000
499.200000
498.000000
509.200000
507.600000
496.400000
514.000000
487.200000
500.400000
497.200000
516.000000
504.000000
513.600000
498.800000
506.400000
495.200000
521.200000
496.400000
492.800000
497.200000
508.800000
517.600000
515.200000
508.800000
506.000000
500.000000
498.800000
499.200000
490.000000
492.800000
498.400000
500.800000
510.000000
500.000000
512.000000
491.600000
521.600000
501.600000
491.600000
511.600000
510.800000
510.000000
483.600000
500.800000
514.400000
495.200000
492.000000
497.200000
490.000000
502.400000
507.200000
496.400000
508.400000
503.600000
494.400000
490.000000
506.000000
498.400000
501.600000
503.600000
491.600000
