100
516.4
498.4
506.8
500.8
491.6
504
509.2
501.6
490.8
517.6
496.4
494.4
498
486.4
509.6
503.6
483.6
506
502
498
492
504.4
524.4
503.2
514
503.6
496
502.4
509.2
492.8
486.4
499.6
503.6
508
505.2
499.6
494.4
506
480
508
490
501.6
511.6
486.4
498.4
507.2
500.4
519.6
501.2
509.2
512.8
524.4
490
496
510.8
496
499.2
504.4
500
502.4
514.8
497.6
501.6
490
499.6
493.6
500
500
497.6
507.2
490
516.4
489.2
493.6
500.8
502
505.2
504.4
503.6
506
508.4
516
500
494.4
502
488
493.6
498.4
491.6
498
493.6
497.6
512.8
498
501.2
520
519.2
499.6
502.8
502.4
