100
499.2
506.4
511.2
495.6
506
514.8
487.2
514
513.2
509.2
504.8
510.4
504.4
51
507.2
496.4
494.4
501.2
501.6
507.6
515.2
490.8
504
498
508
508.8
491.2
507.2
516
497.6
493.6
490.8
504.8
5
502.8
495.2
506.4
516
507.2
506.8
499.2
498
509.2
507.6
496.4
514
487.2
500.4
497.2
516
504
513.6
498.8
506.4
495.2
521.2
496.4
492.8
497.2
508.8
517.6
515.2
508.8
506
5
498.8
499.2
49
492.8
498.4
500.8
51
5
512
491.6
521.6
501.6
491.6
511.6
510.8
51
483.6
500.8
514.4
495.2
492
497.2
49
502.4
507.2
496.4
508.4
503.6
494.4
49
506
498.4
501.6
503.6
491.6
