109
103
74
105
110
117
118
92
140
118
123
117
117
124
129
115
74
99
108
91
137
126
127
82
136
97
96
100
99
122
65
104
103
92
121
127
112
107
116
93
157
95
85
103
90
83
108
131
119
104
119
132
94
116
94
108
123
125
80
87
104
91
96
117
136
119
102
129
127
93
122
90
92
86
94
103
143
121
120
113
109
124
106
129
87
148
82
122
128
116
90
109
129
81
105
109
134
95
116
88
85
115
114
116
80
113
105
106
106
102
105
86
104
103
105
99
98
105
91
136
113
107
116
122
120
126
142
123
132
131
86
136
119
121
111
89
131
101
127
95
94
103
123
122
122
88
79
124
109
100
95
158
103
95
96
103
144
87
112
78
128
117
119
82
136
108
117
108
102
137
141
113
111
76
96
139
113
127
118
95
115
137
99
111
129
131
82
109
101
103
118
92
93
108
118
114
96
94
113
105
